0.32674424846305916
0.1089580634936968
0.3220113673875168
1.2318979007420032
0.29659386669274995
4.238348394995779
4.068852181421947
0.36742320533352385
0.673002180930693
0.35449673456352543
1.0961436199647017
4.69840482758225
0.2738803912041933
0.36497768549689985
5.384210410609063
0.30324633212283103
0.21485361083130258
0.43340108814769773
5.834099716726241
6.816643220438418
1.9973972872690373
2.404936509351597
1.630143956903693
0.21021791564758674
0.24992164630359487
0.13582518929597734
0.12089944890321726
0.363415454302967
0.31909157019264517
1.4796823394278549
0.5273610249986689
0.03854411246925708
0.1734709154023089
0.16717985016795722
0.1162701754321569
0.060275801577553884
0.05249465895717003
0.08815943845631065
0.033992456303596055
0.015192238784158143
0.39711667210259893
0.09565650825924285
0.14322081694609357
0.1564640053886496
0.0773691132527
0.13069245989538744
0.12859624175499415
0.1351919175089191
0.14123421801199734
0.09207202169505302
0.25689076014811274
0.2681944008358236
0.33495063892685784
1.3480810185119194
0.3224954197969326
0.8416690282583735
205128.20512820513
0.7283930671724165
0.16899007200964303
0.1590234113294419
0.05718210278985366
0.06954791535920324
0.08961510769625174
0.13528496242093924
0.04755115455704149
0.04919879365594764
0.04877181085316411
0.05634226804011879
0.07376033081136518
0.06692261023260702
0.07034890149761755
1.1383466556553206
0.2912484921601003
0.45836582546891574
0.041585550458332586
0.039015310785001825
3.514342378152278
0.07069092222885447
0.07616241311091035
2.1432752389880045
1.5262550504567023
2.1348748382385376
2.7026757188367263
2.4592369503858547
0.19944984385248607
0.3268174637567735
3.614775378987831
4.038302984673867
0.17106199220386062
0.12563075310412983
0.5568705887135453
0.22135956670811557
0.719051700100943
5.080283993269427
1.05154570586085
2.0164650008273624
1.654028613409117
0.9366563680269725
0.18122533936536353
0.2922924430092961
0.5315250916379471
0.252079977299578
0.316175628007871
0.07817388088466601
0.10710530476418116
0.09274712104954996
0.087504094052272
0.1769775582303316
0.2633191493817096
0.06673011792310878
0.6998185374932108
1.5950116525389735
0.9574446703678973
29.942749633522926
0.2788932944925702
0.20752345714107898
0.2338211646732124
0.22195679049541428
0.5169621783002878
0.45252625061107515
0.2559931596101346
0.4584442399156385
0.4101133178639365
0.22310291969360532
0.240501824353026
0.16016099234924788
0.18302575737913065
0.22256469122363745
13.626667977242038
0.2508471003124896
0.0344877627968664
0.011055183484702023
0.015135677830251264
0.016064340749623172
0.3919467355222145
0.24199243281015304
0.12215768914980238
0.2737646929661608
0.059297058573379136
0.09313386544959226
0.07898950978148928
0.05566068941387428
0.18783751812509625
0.07889979830988499
0.10664369224354418
0.03776392079379286
0.07035919841266922
0.04917509708541247
0.04323682432385265
0.043016149328357255
0.056655209645045876
0.09629143004046097
0.12004035361871257
0.061462325408144294
0.05818248673725022
0.08017629568849606
0.08573451679809703
3.4916671747793924
0.1565754111538994
0.242777534757641
1.6379199153030457
1.479514978538202
0.24031490053782548
0.31084468111583363
0.32520915342961176
0.3703586957928489
0.12763418066393162
0.09080248976959548
0.03798773449306806
0.03836347599810535
0.6634466342726724
0.048106326195035215
0.06704631380953424
0.0882711075571863
0.12945193079766776
0.050786128557904556
0.12876377480555656
0.044530273929852204
0.06522945963232436
0.0650491882958731
